# Blyp Android BUILT/CONSUMED versionCode ledger (one integer per line).
# Any code listed here has already been built for upload and must NEVER be
# reused. The release build (android/app/build.gradle) appends each built
# code here automatically and refuses to build a code already present.
# Seeded from versioncode_ledger.txt (all historically allocated codes).
2026022304
2026032306
2026032307
2026032308
2026032309
2026032310
2026032311
2026032312
2026032322
2026225853
2026225896
2026225916
2026226044
2026226358
2026226450
2026226454
2026226600
2026226715
2026226778
2026226900
2026226944
2026226976
2026227006
2026227143
2026227338
2026227384
2026227414
2026227434
2026227454
2026228458
2026228493
2026228536
2026228553
2026228581
2026228596
2026228631
2026228660
2026228684
2026228703
2026228727
2026228749
2026228802
2026228817
2026228871
2026228918
2026228944
2026228965
2026229086
2026229391
2026229483
2026229527
2026229582
2026229648
2026229683
2026229726
2026229803
2026229856
2026229969
2026230027
2026231335
2026231377
2026231393
2026231407
2026231435
2026231544
2026231560
2026231570
2026231580
2026231614
2026231678
2026231747
2026231766
2026231791
2026231791
2026231837
2026231903
2026231957
2026231998
2026232047
2026232084
2026232112
2026232136
2026232176
2026233085
2026233153
2026233522
2026233621
2026233881
2026233948
2026234011
2026234271
2026236115
2026236144
2026236144
2026236201
2026236201
2026236274
2026236274
2026236290
2026236290
2026236378
2026236468
2026236507
2026236534
2026236613
2026236780
2026237029
2026237116
2026238817
2026238898
2026239051
2026239051
2026239060
2026245597
2026245665
2026245717
2026253404
2026253439
2026253454
2026253761
2026304700
2026309968
2026310000
2026310082
2026310201
2026310237
2026310243
2026310267
2026310270
2026310271
2026310272
2026310273
2026310274
2026310275
2026310276
2026310277
2026310278
2026310279
2026310663
2026311909
2026311972
2026312047
2026312107
2026312150
2026312219
2026312259
2026312279
2026312307
2026312321
2026312351
2026312390
2026312414
2026312634
2026312655
2026312738
2026312752
2026312777
2026312798
2026313238
2026313239
2026313298
2026313370
2026315069
2026315178
2026315225
2026315258
2026315407
2026315418
2026315531
2026315627
2026315670
2026315805
2026315822
2026315918
2026315936
2026315965
2026315990
2026316088
2026316102
2026316122
2026316143
2026316157
2026316215
2026316245
2026317968
2026318157
2026318356
2026318419
2026318481
2026318512
2026318668
